LIDC-IDRI-0001
39.300000 420.612500 12.921089
LIDC-IDRI-0002
55.350000 729.750000 14.531595
LIDC-IDRI-0003
44.862500 364.550000 14.652853
LIDC-IDRI-0004
90.537500 1728.212500 16.780099
LIDC-IDRI-0005
63.262500 2509.700000 12.170303
LIDC-IDRI-0006
42.350000 1144.362500 12.158189
LIDC-IDRI-0007
31.862500 415.262500 11.950578
LIDC-IDRI-0008
94.112500 1339.262500 15.601637
LIDC-IDRI-0011
32.287500 776.762500 10.372426
LIDC-IDRI-0013
94.900000 4707.325000 14.838500
LIDC-IDRI-0014
121.237500 2960.787500 16.156878
LIDC-IDRI-0015
27.525000 569.900000 10.797219
LIDC-IDRI-0016
28.262500 766.775000 10.291944
LIDC-IDRI-0017
53.012500 1487.087500 13.708446
LIDC-IDRI-0018
91.262500 1523.275000 15.156510
LIDC-IDRI-0019
74.900000 691.362500 19.482371
LIDC-IDRI-0020
25.287500 410.937500 9.030058
LIDC-IDRI-0021
78.625000 1371.587500 15.543298
LIDC-IDRI-0022
8.812500 193.387500 5.416165
LIDC-IDRI-0023
49.175000 2008.712500 11.792132
LIDC-IDRI-0024
52.362500 1812.625000 12.753519
LIDC-IDRI-0025
22.112500 562.325000 8.038176
LIDC-IDRI-0026
13.900000 379.125000 6.056954
LIDC-IDRI-0027
67.300000 749.287500 17.264356
LIDC-IDRI-0028
40.925000 547.825000 14.645643
LIDC-IDRI-0029
10.087500 124.800000 5.665399
LIDC-IDRI-0030
57.437500 1557.237500 13.662057
LIDC-IDRI-0031
80.737500 1273.350000 15.228689
LIDC-IDRI-0033
118.175000 2237.150000 15.871211
LIDC-IDRI-0034
174.662500 1893.325000 15.593383
LIDC-IDRI-0035
16.050000 218.875000 7.607439
LIDC-IDRI-0036
166.775000 3572.275000 18.101108
LIDC-IDRI-0037
48.575000 1321.625000 12.164327
LIDC-IDRI-0038
37.775000 950.150000 11.121159
LIDC-IDRI-0039
12.925000 446.662500 6.767989
LIDC-IDRI-0040
106.025000 2363.100000 17.831270
LIDC-IDRI-0042
53.800000 1571.400000 12.081990
LIDC-IDRI-0043
35.200000 372.862500 11.491000
LIDC-IDRI-0044
81.362500 2054.862500 16.480364
LIDC-IDRI-0045
64.975000 1743.262500 14.044901
LIDC-IDRI-0046
31.750000 494.112500 12.443640
LIDC-IDRI-0047
60.200000 1260.675000 14.630782
LIDC-IDRI-0048
37.162500 881.300000 12.130784
LIDC-IDRI-0049
67.025000 1390.525000 15.174085
LIDC-IDRI-0050
55.050000 270.812500 14.601091
LIDC-IDRI-0051
34.825000 896.662500 10.240111
LIDC-IDRI-0052
57.250000 1462.362500 13.697723
LIDC-IDRI-0053
89.762500 2380.437500 13.967850
LIDC-IDRI-0054
45.875000 735.937500 12.921833
LIDC-IDRI-0055
119.287500 2874.875000 18.162608
LIDC-IDRI-0057
69.662500 802.062500 16.844565
LIDC-IDRI-0059
29.012500 564.725000 11.199511
LIDC-IDRI-0060
171.212500 2892.000000 19.133438
LIDC-IDRI-0061
50.137500 1566.412500 12.362269
LIDC-IDRI-0063
65.575000 1375.437500 14.184562
LIDC-IDRI-0064
35.025000 511.475000 11.242404
LIDC-IDRI-0065
29.437500 497.150000 9.429863
LIDC-IDRI-0066
18.500000 319.600000 10.503445
LIDC-IDRI-0068
55.487500 1456.187500 15.027797
LIDC-IDRI-0071
211.150000 649.025000 19.987391
LIDC-IDRI-0072
92.787500 1482.112500 17.138002
LIDC-IDRI-0073
60.387500 1094.662500 14.905245
LIDC-IDRI-0074
75.037500 1352.637500 14.357366
LIDC-IDRI-0075
41.512500 422.112500 14.832888
LIDC-IDRI-0076
20.337500 178.987500 9.106691
LIDC-IDRI-0077
28.700000 383.975000 10.570310
LIDC-IDRI-0080
12.612500 43.375000 8.920492
LIDC-IDRI-0081
18.562500 394.125000 7.686914
LIDC-IDRI-0082
12.700000 276.762500 7.655453
LIDC-IDRI-0083
6.125000 5.125000 5.711493
LIDC-IDRI-0085
159.387500 2370.887500 18.668136
LIDC-IDRI-0086
80.700000 2133.612500 17.848008
LIDC-IDRI-0087
24.750000 168.925000 10.865129
LIDC-IDRI-0088
64.787500 1851.425000 14.291229
LIDC-IDRI-0089
64.325000 514.975000 19.009514
LIDC-IDRI-0090
85.450000 1399.450000 16.092741
LIDC-IDRI-0091
57.862500 632.125000 14.004989
LIDC-IDRI-0093
153.050000 2330.312500 18.630100
LIDC-IDRI-0094
15.900000 152.675000 8.861597
LIDC-IDRI-0095
29.700000 735.787500 11.968205
LIDC-IDRI-0096
87.850000 2284.937500 14.371120
LIDC-IDRI-0097
148.787500 2880.887500 20.175490
LIDC-IDRI-0098
89.200000 2155.850000 16.233211
LIDC-IDRI-0099
58.862500 755.575000 13.253834
LIDC-IDRI-0100
46.612500 491.975000 13.928129
LIDC-IDRI-0101
36.712500 986.275000 9.402588
LIDC-IDRI-0102
22.100000 266.550000 10.554199
LIDC-IDRI-0103
120.237500 2989.987500 17.990162
LIDC-IDRI-0105
14.050000 198.450000 7.729749
LIDC-IDRI-0108
24.800000 383.912500 11.278014
LIDC-IDRI-0109
15.100000 34.562500 10.562145
LIDC-IDRI-0110
8.262500 128.325000 4.960550
LIDC-IDRI-0111
56.875000 981.737500 14.981156
LIDC-IDRI-0112
64.437500 2023.425000 12.953706
LIDC-IDRI-0113
33.225000 340.837500 12.716434
LIDC-IDRI-0116
22.175000 167.937500 9.786524
LIDC-IDRI-0118
85.687500 1785.575000 14.783799
LIDC-IDRI-0119
23.462500 675.000000 9.143664
LIDC-IDRI-0122
116.275000 2196.162500 17.293985
LIDC-IDRI-0123
51.125000 651.087500 16.505948
LIDC-IDRI-0124
68.662500 1070.037500 14.869685
LIDC-IDRI-0125
9.312500 30.650000 7.385677
LIDC-IDRI-0126
31.950000 981.362500 11.036654
LIDC-IDRI-0127
28.400000 254.887500 11.061042
LIDC-IDRI-0128
3.612500 8.600000 3.341009
LIDC-IDRI-0129
76.762500 2156.462500 13.292721
LIDC-IDRI-0130
26.100000 221.750000 13.660783
LIDC-IDRI-0131
45.812500 855.825000 12.202126
LIDC-IDRI-0132
340.062500 6585.987500 22.889974
LIDC-IDRI-0133
8.287500 19.912500 6.804732
LIDC-IDRI-0135
3.787500 7.562500 3.456470
LIDC-IDRI-0136
59.712500 878.400000 15.407812
LIDC-IDRI-0137
108.787500 1787.937500 19.328721
LIDC-IDRI-0138
10.087500 111.237500 5.655902
LIDC-IDRI-0139
105.825000 2106.875000 16.295391
LIDC-IDRI-0140
30.125000 1081.037500 11.579061
LIDC-IDRI-0141
39.187500 710.750000 14.192472
LIDC-IDRI-0142
57.350000 836.850000 15.767008
LIDC-IDRI-0143
91.037500 2166.112500 16.067549
LIDC-IDRI-0145
43.250000 836.037500 12.050149
LIDC-IDRI-0146
13.837500 256.762500 6.838861
LIDC-IDRI-0148
26.800000 422.275000 9.923510
LIDC-IDRI-0149
20.350000 174.512500 9.846601
LIDC-IDRI-0152
23.862500 357.525000 10.600278
LIDC-IDRI-0153
89.950000 776.987500 15.996944
LIDC-IDRI-0155
114.762500 1974.775000 17.627586
LIDC-IDRI-0158
53.175000 1157.450000 13.882137
LIDC-IDRI-0159
51.062500 1129.637500 13.102243
LIDC-IDRI-0160
37.437500 206.325000 14.327198
LIDC-IDRI-0161
10.462500 81.925000 6.767721
LIDC-IDRI-0162
54.262500 1382.887500 13.047131
LIDC-IDRI-0163
21.837500 97.475000 10.284735
LIDC-IDRI-0164
58.287500 990.225000 13.948699
LIDC-IDRI-0165
60.150000 1467.725000 13.940428
LIDC-IDRI-0166
36.662500 1178.775000 10.627875
LIDC-IDRI-0167
56.462500 2656.250000 12.022111
LIDC-IDRI-0168
60.237500 1202.750000 14.068447
LIDC-IDRI-0169
38.800000 597.137500 11.451767
LIDC-IDRI-0171
42.375000 536.262500 12.862928
LIDC-IDRI-0172
138.162500 2777.300000 17.885121
LIDC-IDRI-0173
62.500000 2314.337500 11.139791
LIDC-IDRI-0174
115.237500 2167.750000 17.336399
LIDC-IDRI-0175
112.487500 4223.750000 13.548919
LIDC-IDRI-0177
74.637500 1207.675000 14.777039
LIDC-IDRI-0178
21.037500 416.575000 7.924346
LIDC-IDRI-0179
37.675000 692.400000 11.699200
LIDC-IDRI-0180
37.750000 687.975000 12.167086
LIDC-IDRI-0181
19.137500 159.825000 10.332074
LIDC-IDRI-0182
94.612500 1921.900000 15.671077
LIDC-IDRI-0184
26.262500 293.212500 10.474200
LIDC-IDRI-0185
21.475000 248.062500 10.614307
LIDC-IDRI-0186
161.037500 3465.262500 17.997573
LIDC-IDRI-0189
15.250000 177.662500 8.639178
LIDC-IDRI-0190
89.200000 2392.750000 14.034308
LIDC-IDRI-0193
52.625000 1329.900000 13.296529
LIDC-IDRI-0194
36.750000 162.212500 13.800197
LIDC-IDRI-0197
109.525000 2418.187500 16.453306
LIDC-IDRI-0199
103.137500 2002.325000 17.581277
LIDC-IDRI-0200
29.587500 920.225000 8.870670
LIDC-IDRI-0201
19.200000 143.362500 7.570552
LIDC-IDRI-0202
56.712500 2084.712500 10.909879
LIDC-IDRI-0203
139.937500 709.362500 16.418331
LIDC-IDRI-0204
22.575000 99.425000 10.038443
LIDC-IDRI-0205
41.200000 501.375000 13.935171
LIDC-IDRI-0206
113.200000 1671.937500 20.487293
LIDC-IDRI-0207
21.800000 392.400000 8.708567
LIDC-IDRI-0208
50.237500 1212.850000 11.149923
LIDC-IDRI-0209
21.287500 102.962500 9.076384
LIDC-IDRI-0210
18.450000 155.462500 10.092236
LIDC-IDRI-0211
23.475000 634.087500 8.441453
LIDC-IDRI-0212
80.612500 2774.387500 13.479874
LIDC-IDRI-0213
27.425000 963.512500 10.766743
LIDC-IDRI-0214
39.650000 543.375000 13.056213
LIDC-IDRI-0215
92.575000 2908.075000 14.497525
LIDC-IDRI-0216
21.612500 189.887500 8.576370
LIDC-IDRI-0217
32.750000 945.862500 9.906246
LIDC-IDRI-0218
65.900000 1261.162500 15.982651
LIDC-IDRI-0219
18.650000 71.987500 9.935315
LIDC-IDRI-0221
81.937500 1787.600000 14.625032
LIDC-IDRI-0222
47.825000 924.175000 13.080379
LIDC-IDRI-0223
21.187500 386.662500 9.985180
LIDC-IDRI-0224
34.512500 976.100000 10.281057
LIDC-IDRI-0225
30.062500 179.075000 10.503333
LIDC-IDRI-0226
24.700000 429.787500 9.849683
LIDC-IDRI-0227
29.625000 205.525000 12.143726
LIDC-IDRI-0228
96.725000 2725.162500 14.015837
LIDC-IDRI-0229
201.362500 587.462500 25.602279
LIDC-IDRI-0230
155.575000 2439.575000 16.955923
LIDC-IDRI-0231
36.125000 1037.712500 10.445821
LIDC-IDRI-0232
372.725000 1027.925000 18.256479
LIDC-IDRI-0234
536.050000 1935.062500 20.932577
LIDC-IDRI-0235
33.475000 785.100000 10.605789
LIDC-IDRI-0236
84.475000 2468.675000 14.441862
LIDC-IDRI-0237
25.262500 265.775000 11.503640
LIDC-IDRI-0239
38.375000 216.675000 14.530358
LIDC-IDRI-0240
13.275000 80.100000 7.773484
LIDC-IDRI-0241
38.775000 632.750000 13.430581
LIDC-IDRI-0242
191.825000 1436.100000 18.123514
LIDC-IDRI-0243
24.500000 168.500000 11.323113
LIDC-IDRI-0244
69.575000 1667.987500 14.217404
LIDC-IDRI-0245
31.012500 1169.075000 10.719468
LIDC-IDRI-0246
38.500000 548.725000 13.812382
LIDC-IDRI-0247
37.275000 561.212500 11.982155
LIDC-IDRI-0248
20.462500 207.150000 8.689815
LIDC-IDRI-0250
21.150000 324.625000 8.636897
LIDC-IDRI-0251
62.462500 1140.275000 13.987657
LIDC-IDRI-0252
75.512500 1002.850000 16.504676
LIDC-IDRI-0253
42.237500 1313.050000 12.117663
LIDC-IDRI-0254
13.000000 197.462500 6.446204
LIDC-IDRI-0255
32.475000 802.450000 9.491226
LIDC-IDRI-0256
37.162500 418.700000 13.169565
LIDC-IDRI-0257
42.925000 650.662500 11.476160
LIDC-IDRI-0258
104.737500 1733.250000 16.271721
LIDC-IDRI-0259
22.775000 157.400000 10.094859
LIDC-IDRI-0260
144.262500 2340.637500 18.553653
LIDC-IDRI-0261
63.212500 1574.675000 13.565016
LIDC-IDRI-0262
86.862500 1583.762500 16.872579
LIDC-IDRI-0263
29.800000 89.862500 13.918506
LIDC-IDRI-0264
35.925000 463.300000 13.439288
LIDC-IDRI-0265
83.650000 1451.875000 17.282049
LIDC-IDRI-0266
55.175000 1632.925000 11.202471
LIDC-IDRI-0267
24.887500 285.187500 10.699637
LIDC-IDRI-0268
61.362500 1098.387500 13.858634
LIDC-IDRI-0269
29.450000 523.775000 10.976336
LIDC-IDRI-0270
50.862500 730.412500 15.559293
LIDC-IDRI-0271
8.550000 88.562500 4.963935
LIDC-IDRI-0273
117.175000 2322.312500 16.944924
LIDC-IDRI-0274
62.625000 1214.525000 14.641885
LIDC-IDRI-0275
37.812500 712.662500 12.124923
LIDC-IDRI-0276
28.975000 626.200000 11.307910
LIDC-IDRI-0277
12.387500 99.012500 8.268426
LIDC-IDRI-0279
14.637500 82.850000 8.789328
LIDC-IDRI-0280
98.975000 2323.750000 17.077749
LIDC-IDRI-0281
27.325000 794.125000 9.519916
LIDC-IDRI-0282
63.262500 2172.900000 12.607150
LIDC-IDRI-0283
39.025000 670.025000 11.105407
LIDC-IDRI-0284
10.675000 78.975000 6.080691
LIDC-IDRI-0285
120.075000 873.500000 15.037876
LIDC-IDRI-0286
51.400000 866.950000 15.266613
LIDC-IDRI-0287
30.050000 452.725000 10.197817
LIDC-IDRI-0288
66.737500 2251.975000 13.199834
LIDC-IDRI-0289
265.675000 1115.337500 19.622525
LIDC-IDRI-0290
174.300000 2114.412500 18.030159
LIDC-IDRI-0292
49.912500 1748.625000 13.646218
LIDC-IDRI-0293
41.762500 1243.850000 12.583275
LIDC-IDRI-0294
215.837500 3465.112500 19.930730
LIDC-IDRI-0295
24.137500 373.862500 11.708522
LIDC-IDRI-0296
126.887500 2495.525000 17.938127
LIDC-IDRI-0297
35.137500 2555.537500 9.135616
LIDC-IDRI-0298
29.675000 529.262500 10.564240
LIDC-IDRI-0299
65.875000 920.562500 17.128458
LIDC-IDRI-0300
145.175000 2460.150000 23.916207
LIDC-IDRI-0301
16.500000 269.400000 8.364847
LIDC-IDRI-0302
78.937500 2689.987500 13.659917
LIDC-IDRI-0303
134.825000 1820.862500 18.589217
LIDC-IDRI-0304
39.400000 963.762500 11.222118
LIDC-IDRI-0305
37.062500 414.325000 15.479333
LIDC-IDRI-0306
40.237500 533.412500 10.498088
LIDC-IDRI-0307
32.350000 1087.725000 10.982981
LIDC-IDRI-0308
47.025000 1593.750000 12.103583
LIDC-IDRI-0309
102.912500 717.337500 13.669341
LIDC-IDRI-0312
58.512500 1487.200000 14.803110
LIDC-IDRI-0314
18.050000 219.325000 9.032284
LIDC-IDRI-0315
57.162500 1282.050000 14.781469
LIDC-IDRI-0316
5.837500 130.525000 3.843190
LIDC-IDRI-0317
39.025000 804.950000 12.238776
LIDC-IDRI-0318
43.125000 2240.062500 13.209727
LIDC-IDRI-0319
104.112500 2660.837500 13.597162
LIDC-IDRI-0320
36.175000 782.425000 11.762443
LIDC-IDRI-0321
22.887500 199.675000 11.618108
LIDC-IDRI-0322
66.037500 1145.025000 17.405532
LIDC-IDRI-0323
97.100000 2638.875000 13.418415
LIDC-IDRI-0324
15.575000 364.250000 7.557474
LIDC-IDRI-0325
20.137500 575.575000 9.078690
LIDC-IDRI-0326
90.637500 1368.687500 20.017341
LIDC-IDRI-0327
37.275000 728.550000 11.910137
LIDC-IDRI-0328
29.737500 1676.100000 9.137334
LIDC-IDRI-0329
77.425000 2500.037500 14.696118
LIDC-IDRI-0331
35.675000 726.975000 11.908019
LIDC-IDRI-0332
84.537500 1027.625000 19.029011
LIDC-IDRI-0333
34.987500 756.200000 11.040937
LIDC-IDRI-0335
15.987500 450.387500 7.344932
LIDC-IDRI-0336
48.450000 814.125000 13.083347
LIDC-IDRI-0337
223.162500 5086.737500 20.021822
LIDC-IDRI-0338
75.312500 2120.387500 14.393181
LIDC-IDRI-0340
29.800000 1474.225000 9.041126
LIDC-IDRI-0341
32.600000 163.850000 11.668352
LIDC-IDRI-0342
33.750000 381.462500 11.079250
LIDC-IDRI-0343
14.337500 240.162500 7.732077
LIDC-IDRI-0344
43.050000 1306.250000 12.402803
LIDC-IDRI-0345
151.225000 4153.937500 19.417586
LIDC-IDRI-0347
27.750000 952.262500 9.788304
LIDC-IDRI-0348
45.775000 916.637500 13.958467
LIDC-IDRI-0349
46.575000 1146.275000 13.312337
LIDC-IDRI-0350
47.325000 2979.300000 11.047254
LIDC-IDRI-0351
38.175000 822.612500 13.732280
LIDC-IDRI-0352
12.675000 121.850000 7.799822
LIDC-IDRI-0355
185.587500 3072.462500 19.540337
LIDC-IDRI-0356
63.437500 2143.875000 14.469369
LIDC-IDRI-0357
36.712500 548.087500 13.640537
LIDC-IDRI-0358
33.312500 467.925000 10.858997
LIDC-IDRI-0361
43.337500 616.300000 15.530845
LIDC-IDRI-0362
101.450000 4009.587500 15.407129
LIDC-IDRI-0363
26.562500 301.137500 11.067611
LIDC-IDRI-0364
52.712500 941.725000 14.356039
LIDC-IDRI-0365
170.462500 2974.800000 18.391808
LIDC-IDRI-0367
66.750000 1126.650000 13.298269
LIDC-IDRI-0369
24.825000 927.875000 8.689678
LIDC-IDRI-0370
102.362500 3020.737500 14.492998
LIDC-IDRI-0371
156.550000 1688.000000 24.524383
LIDC-IDRI-0373
113.725000 1266.212500 22.860287
LIDC-IDRI-0374
48.387500 1269.287500 14.658001
LIDC-IDRI-0375
34.337500 1494.125000 9.699968
LIDC-IDRI-0376
29.050000 459.162500 13.684629
LIDC-IDRI-0377
108.787500 2453.087500 18.624848
LIDC-IDRI-0380
70.550000 2058.437500 16.187031
LIDC-IDRI-0381
130.825000 1660.562500 17.307637
LIDC-IDRI-0383
37.975000 734.087500 11.558702
LIDC-IDRI-0384
46.725000 1272.625000 13.818920
LIDC-IDRI-0385
15.962500 218.612500 7.457289
LIDC-IDRI-0386
76.525000 603.612500 16.878695
LIDC-IDRI-0387
385.175000 6601.787500 21.308602
LIDC-IDRI-0388
45.137500 610.862500 14.253976
LIDC-IDRI-0390
140.075000 3172.750000 16.462275
LIDC-IDRI-0391
128.412500 474.487500 11.482008
LIDC-IDRI-0392
159.187500 1460.875000 14.991153
LIDC-IDRI-0393
97.762500 1151.925000 17.060639
LIDC-IDRI-0394
99.200000 2466.300000 19.033024
LIDC-IDRI-0397
36.212500 1548.112500 11.505675
LIDC-IDRI-0398
49.137500 989.500000 12.856143
LIDC-IDRI-0399
110.887500 1219.600000 18.015472
LIDC-IDRI-0400
38.275000 802.125000 11.432138
LIDC-IDRI-0401
26.450000 397.537500 9.167752
LIDC-IDRI-0402
19.375000 637.850000 9.085528
LIDC-IDRI-0403
94.475000 651.525000 19.925269
LIDC-IDRI-0404
67.312500 1646.662500 14.759906
LIDC-IDRI-0405
50.450000 1364.712500 12.707925
LIDC-IDRI-0406
23.450000 904.525000 9.091887
LIDC-IDRI-0407
25.262500 240.537500 11.189306
LIDC-IDRI-0408
20.600000 401.525000 9.076582
LIDC-IDRI-0409
58.137500 1155.975000 15.637988
LIDC-IDRI-0410
32.662500 286.187500 10.246089
LIDC-IDRI-0411
28.500000 962.862500 10.811206
LIDC-IDRI-0412
47.537500 1236.375000 14.462635
LIDC-IDRI-0413
16.062500 361.787500 7.533779
LIDC-IDRI-0414
104.825000 1917.762500 16.039986
LIDC-IDRI-0416
86.500000 1722.175000 18.443288
LIDC-IDRI-0417
38.512500 503.912500 12.999500
LIDC-IDRI-0418
39.137500 809.687500 11.313028
LIDC-IDRI-0419
40.250000 758.562500 13.146240
LIDC-IDRI-0420
34.925000 826.500000 11.532151
LIDC-IDRI-0422
108.137500 469.675000 21.340993
LIDC-IDRI-0423
20.325000 202.775000 10.451227
LIDC-IDRI-0424
28.000000 444.112500 11.444270
LIDC-IDRI-0427
32.162500 1312.350000 10.889672
LIDC-IDRI-0428
21.675000 924.212500 7.684311
LIDC-IDRI-0429
52.725000 2100.800000 13.778631
LIDC-IDRI-0430
179.275000 4598.650000 15.632796
LIDC-IDRI-0431
59.162500 1669.237500 13.687636
LIDC-IDRI-0432
32.625000 419.612500 13.313739
LIDC-IDRI-0433
16.887500 226.075000 9.754085
LIDC-IDRI-0434
69.900000 3745.837500 12.192915
LIDC-IDRI-0435
104.150000 3072.512500 17.118793
LIDC-IDRI-0436
78.625000 1411.700000 16.524364
LIDC-IDRI-0437
99.412500 4359.275000 14.837127
LIDC-IDRI-0438
34.500000 1879.250000 11.318809
LIDC-IDRI-0440
61.250000 2614.100000 13.979068
LIDC-IDRI-0441
48.512500 2092.237500 13.945205
LIDC-IDRI-0442
79.087500 1996.587500 14.707140
LIDC-IDRI-0443
30.275000 752.750000 11.704915
LIDC-IDRI-0444
68.287500 1492.525000 15.431992
LIDC-IDRI-0445
87.450000 2472.112500 17.862203
LIDC-IDRI-0446
34.725000 481.337500 9.806598
LIDC-IDRI-0447
81.262500 1425.650000 13.664305
LIDC-IDRI-0448
63.012500 2713.125000 13.046320
LIDC-IDRI-0450
19.937500 434.750000 10.038000
LIDC-IDRI-0451
37.737500 413.175000 13.539676
LIDC-IDRI-0452
3.000000 1.775000 2.808968
LIDC-IDRI-0453
355.887500 6126.387500 19.983278
LIDC-IDRI-0454
11.437500 101.612500 7.162984
LIDC-IDRI-0455
30.687500 651.862500 11.322345
LIDC-IDRI-0456
32.500000 1360.512500 10.552812
LIDC-IDRI-0457
44.175000 966.137500 14.646727
LIDC-IDRI-0458
54.212500 1947.575000 11.808961
LIDC-IDRI-0459
82.137500 1928.225000 17.031982
LIDC-IDRI-0460
86.787500 677.925000 19.336246
LIDC-IDRI-0461
49.875000 1917.062500 12.720292
LIDC-IDRI-0462
34.637500 564.237500 13.826830
LIDC-IDRI-0463
44.487500 1442.425000 12.504173
LIDC-IDRI-0464
604.675000 2372.375000 26.758438
LIDC-IDRI-0465
49.337500 934.950000 13.702207
LIDC-IDRI-0466
40.750000 712.900000 14.234162
LIDC-IDRI-0467
31.450000 315.212500 11.692683
LIDC-IDRI-0468
7.925000 107.362500 5.027585
LIDC-IDRI-0469
312.762500 7399.912500 19.064081
LIDC-IDRI-0470
65.975000 327.037500 7.944690
LIDC-IDRI-0471
39.087500 755.912500 13.451667
LIDC-IDRI-0472
45.887500 678.225000 13.068625
LIDC-IDRI-0473
16.225000 85.725000 8.900587
LIDC-IDRI-0474
30.962500 1052.862500 10.588583
LIDC-IDRI-0476
23.762500 146.187500 9.975635
LIDC-IDRI-0477
43.775000 1243.762500 11.930005
LIDC-IDRI-0478
70.437500 2952.487500 16.214927
LIDC-IDRI-0479
102.862500 1237.025000 15.677376
LIDC-IDRI-0480
64.850000 2330.800000 13.569089
LIDC-IDRI-0481
20.875000 688.637500 8.085561
LIDC-IDRI-0482
51.862500 623.662500 13.925508
LIDC-IDRI-0483
53.850000 340.125000 15.693768
LIDC-IDRI-0484
51.750000 1403.637500 13.358331
LIDC-IDRI-0485
57.950000 1208.500000 13.211678
LIDC-IDRI-0486
54.812500 1479.137500 13.687483
LIDC-IDRI-0487
88.425000 6092.187500 13.122461
LIDC-IDRI-0488
81.700000 2053.862500 16.673347
LIDC-IDRI-0489
53.937500 1785.337500 12.248673
LIDC-IDRI-0490
18.087500 227.562500 9.395585
LIDC-IDRI-0491
56.425000 1025.600000 14.170058
LIDC-IDRI-0492
101.375000 4455.600000 15.678920
LIDC-IDRI-0493
91.137500 1749.000000 17.374801
LIDC-IDRI-0494
34.200000 583.600000 12.463946
LIDC-IDRI-0495
29.262500 351.462500 12.348246
LIDC-IDRI-0496
47.425000 640.500000 15.492775
LIDC-IDRI-0497
19.412500 223.012500 9.251814
LIDC-IDRI-0498
59.500000 1976.075000 13.629046
LIDC-IDRI-0499
241.912500 2766.975000 23.681288
LIDC-IDRI-0500
57.550000 1979.737500 11.935591
LIDC-IDRI-0501
24.087500 548.062500 8.857462
LIDC-IDRI-0502
35.737500 435.575000 12.104534
LIDC-IDRI-0503
12.075000 233.925000 7.334678
LIDC-IDRI-0505
6.862500 94.025000 4.611674
LIDC-IDRI-0506
43.400000 1089.250000 11.342289
LIDC-IDRI-0507
35.800000 552.737500 12.833066
LIDC-IDRI-0508
62.637500 563.512500 16.449555
LIDC-IDRI-0509
58.375000 925.675000 13.607451
LIDC-IDRI-0510
59.162500 1250.687500 14.275379
LIDC-IDRI-0511
33.712500 603.150000 11.767376
LIDC-IDRI-0512
22.650000 473.100000 9.552928
LIDC-IDRI-0513
75.787500 3894.750000 13.894150
LIDC-IDRI-0514
68.487500 1400.837500 15.856156
LIDC-IDRI-0516
42.350000 575.575000 12.561130
LIDC-IDRI-0517
51.875000 382.762500 15.202500
LIDC-IDRI-0519
17.837500 196.587500 9.003688
LIDC-IDRI-0520
57.525000 1725.800000 14.224363
LIDC-IDRI-0521
45.450000 982.450000 13.962636
LIDC-IDRI-0522
18.237500 561.950000 7.929258
LIDC-IDRI-0524
109.887500 5983.137500 15.407891
LIDC-IDRI-0525
385.700000 2941.062500 24.089209
LIDC-IDRI-0527
38.537500 1132.675000 11.471437
LIDC-IDRI-0528
35.362500 444.737500 11.506400
LIDC-IDRI-0529
56.925000 777.975000 17.786721
LIDC-IDRI-0530
166.025000 2262.725000 17.350349
LIDC-IDRI-0531
19.975000 338.962500 8.196502
LIDC-IDRI-0532
50.337500 2300.250000 12.666503
LIDC-IDRI-0533
201.087500 2933.800000 18.635153
LIDC-IDRI-0534
104.150000 2262.262500 17.321667
LIDC-IDRI-0536
25.900000 758.500000 8.964456
LIDC-IDRI-0537
12.837500 190.625000 6.806266
LIDC-IDRI-0538
96.437500 3216.512500 15.615137
LIDC-IDRI-0539
70.287500 1342.825000 16.079160
LIDC-IDRI-0540
43.187500 960.337500 14.289600
LIDC-IDRI-0542
160.500000 4498.100000 19.906177
LIDC-IDRI-0543
42.925000 1685.612500 10.609468
LIDC-IDRI-0544
38.862500 907.087500 11.590035
LIDC-IDRI-0545
57.775000 673.050000 15.037136
LIDC-IDRI-0546
23.375000 563.037500 9.425546
LIDC-IDRI-0547
37.650000 1148.925000 11.577513
LIDC-IDRI-0549
70.387500 1495.100000 17.565848
LIDC-IDRI-0551
14.225000 887.312500 6.217980
LIDC-IDRI-0552
42.487500 653.662500 12.694485
LIDC-IDRI-0553
53.037500 1092.862500 15.261319
LIDC-IDRI-0554
96.437500 2304.787500 20.308888
LIDC-IDRI-0555
26.837500 424.100000 11.079065
LIDC-IDRI-0556
42.412500 1043.550000 13.097288
LIDC-IDRI-0557
74.187500 1845.600000 15.664067
LIDC-IDRI-0558
103.775000 3286.300000 14.970392
LIDC-IDRI-0559
111.675000 2585.962500 15.208323
LIDC-IDRI-0560
25.500000 305.537500 10.997059
LIDC-IDRI-0561
78.862500 3151.537500 15.143367
LIDC-IDRI-0562
59.300000 1662.387500 12.977035
LIDC-IDRI-0563
57.350000 801.912500 15.179046
LIDC-IDRI-0564
42.625000 456.675000 13.018764
LIDC-IDRI-0566
104.837500 2437.375000 20.146168
LIDC-IDRI-0567
7.625000 86.300000 5.354307
LIDC-IDRI-0568
24.812500 625.987500 9.471792
LIDC-IDRI-0569
22.625000 1053.287500 8.852603
LIDC-IDRI-0570
50.575000 902.400000 13.279939
LIDC-IDRI-0571
36.612500 814.200000 12.085321
LIDC-IDRI-0572
27.550000 570.762500 10.778428
LIDC-IDRI-0573
37.550000 585.200000 12.172283
LIDC-IDRI-0575
165.712500 4432.075000 18.102772
LIDC-IDRI-0576
8.875000 773.325000 3.973685
LIDC-IDRI-0577
196.125000 3984.262500 18.913200
LIDC-IDRI-0579
56.487500 2546.975000 11.281867
LIDC-IDRI-0580
76.575000 1800.300000 16.327426
LIDC-IDRI-0581
38.037500 587.575000 12.477903
LIDC-IDRI-0582
12.312500 633.925000 6.048242
LIDC-IDRI-0583
15.087500 310.787500 7.047335
LIDC-IDRI-0584
89.725000 2862.450000 15.368880
LIDC-IDRI-0586
40.412500 773.200000 13.003881
LIDC-IDRI-0587
60.137500 1644.437500 16.051799
LIDC-IDRI-0588
33.512500 323.287500 12.301149
LIDC-IDRI-0589
41.262500 631.037500 11.743352
LIDC-IDRI-0590
28.387500 172.437500 13.946851
LIDC-IDRI-0591
52.537500 1227.937500 13.086393
LIDC-IDRI-0592
18.950000 331.587500 9.647145
LIDC-IDRI-0593
134.737500 3558.275000 16.268541
LIDC-IDRI-0594
53.337500 798.262500 15.056555
LIDC-IDRI-0596
46.900000 828.562500 14.352779
LIDC-IDRI-0598
85.987500 2297.825000 16.031807
LIDC-IDRI-0599
40.312500 1825.887500 10.832483
LIDC-IDRI-0600
1058.537500 2788.612500 36.286862
LIDC-IDRI-0601
9.775000 40.975000 5.947249
LIDC-IDRI-0602
52.625000 890.900000 15.099941
LIDC-IDRI-0603
30.500000 427.900000 9.465148
LIDC-IDRI-0604
214.650000 6476.275000 16.426012
LIDC-IDRI-0605
43.850000 1541.112500 13.082465
LIDC-IDRI-0606
44.937500 2362.912500 13.479002
LIDC-IDRI-0607
66.212500 1034.025000 15.184432
LIDC-IDRI-0608
45.762500 1600.425000 10.867682
LIDC-IDRI-0609
56.787500 2524.350000 13.011175
LIDC-IDRI-0610
282.787500 4547.725000 21.891776
LIDC-IDRI-0612
24.462500 374.487500 10.825984
LIDC-IDRI-0613
136.275000 3718.512500 20.224597
LIDC-IDRI-0614
95.200000 2227.812500 17.968517
LIDC-IDRI-0615
43.675000 2014.300000 11.558034
LIDC-IDRI-0616
46.800000 565.550000 14.555935
LIDC-IDRI-0617
11.537500 205.950000 6.625096
LIDC-IDRI-0618
16.512500 59.600000 9.368217
LIDC-IDRI-0619
55.362500 1353.587500 12.903942
LIDC-IDRI-0620
41.062500 827.537500 13.889304
LIDC-IDRI-0621
427.662500 2857.025000 30.675319
LIDC-IDRI-0622
60.612500 913.950000 14.236912
LIDC-IDRI-0623
88.300000 2745.350000 16.420677
LIDC-IDRI-0624
158.875000 1196.975000 14.938238
LIDC-IDRI-0625
10.637500 564.350000 5.834530
LIDC-IDRI-0626
51.487500 678.012500 14.520616
LIDC-IDRI-0627
25.750000 321.487500 10.095883
LIDC-IDRI-0628
31.962500 117.012500 12.184825
LIDC-IDRI-0629
94.650000 1891.212500 16.843468
LIDC-IDRI-0630
21.687500 567.037500 8.485655
LIDC-IDRI-0631
26.750000 1902.762500 8.046687
LIDC-IDRI-0632
44.637500 400.137500 12.302986
LIDC-IDRI-0633
88.312500 2312.875000 16.582611
LIDC-IDRI-0634
53.862500 1621.550000 14.619086
LIDC-IDRI-0636
62.312500 1742.350000 13.901743
LIDC-IDRI-0637
29.537500 1167.550000 10.420159
LIDC-IDRI-0638
148.875000 4656.050000 16.525037
LIDC-IDRI-0639
40.600000 763.050000 14.915515
LIDC-IDRI-0640
129.650000 3678.137500 17.564129
LIDC-IDRI-0641
154.600000 3375.350000 17.405218
LIDC-IDRI-0643
77.812500 1551.250000 14.424465
LIDC-IDRI-0645
36.875000 969.125000 13.150467
LIDC-IDRI-0646
70.937500 2647.150000 15.358016
LIDC-IDRI-0647
10.362500 706.262500 5.195944
LIDC-IDRI-0648
513.525000 2176.312500 30.644085
LIDC-IDRI-0649
42.712500 1629.650000 11.659483
LIDC-IDRI-0650
35.225000 354.850000 12.923022
LIDC-IDRI-0651
81.712500 2514.412500 17.424857
LIDC-IDRI-0652
67.862500 1215.950000 18.415969
LIDC-IDRI-0653
38.575000 285.637500 12.424854
LIDC-IDRI-0654
35.425000 374.687500 13.479954
LIDC-IDRI-0655
287.775000 1737.525000 22.556517
LIDC-IDRI-0657
75.150000 2558.737500 13.861916
LIDC-IDRI-0658
91.400000 2586.775000 15.486930
LIDC-IDRI-0659
18.512500 531.775000 8.551571
LIDC-IDRI-0660
53.187500 1001.887500 13.313162
LIDC-IDRI-0661
64.250000 864.662500 17.136103
LIDC-IDRI-0662
33.812500 290.900000 12.654464
LIDC-IDRI-0663
84.162500 2029.025000 15.927386
LIDC-IDRI-0664
29.200000 1180.887500 9.388935
LIDC-IDRI-0665
32.775000 842.812500 10.375579
LIDC-IDRI-0666
123.112500 3210.587500 17.938563
LIDC-IDRI-0667
51.937500 1178.975000 14.686387
LIDC-IDRI-0668
45.537500 496.637500 13.777729
LIDC-IDRI-0669
29.112500 305.637500 12.612466
LIDC-IDRI-0670
46.012500 1388.712500 13.689225
LIDC-IDRI-0671
73.487500 1070.062500 17.353682
LIDC-IDRI-0672
55.762500 1252.837500 14.094700
LIDC-IDRI-0673
47.550000 846.800000 14.685845
LIDC-IDRI-0674
43.375000 1806.212500 12.326734
LIDC-IDRI-0675
23.275000 746.787500 9.299366
LIDC-IDRI-0676
44.087500 2215.150000 11.903416
LIDC-IDRI-0677
54.812500 1654.362500 13.664633
LIDC-IDRI-0678
74.487500 1162.025000 12.153866
LIDC-IDRI-0679
93.300000 1408.250000 15.591439
LIDC-IDRI-0680
17.150000 114.500000 7.503507
LIDC-IDRI-0681
21.175000 831.900000 9.652766
LIDC-IDRI-0682
8.787500 131.500000 4.917910
LIDC-IDRI-0683
55.612500 1301.575000 14.059764
LIDC-IDRI-0684
25.787500 571.812500 9.635351
LIDC-IDRI-0686
6.262500 18.887500 4.444713
LIDC-IDRI-0687
92.225000 2317.575000 16.060687
LIDC-IDRI-0688
97.050000 2560.887500 18.671457
LIDC-IDRI-0689
32.600000 808.875000 14.431336
LIDC-IDRI-0690
131.275000 571.487500 14.467826
LIDC-IDRI-0691
66.887500 2587.662500 12.546338
LIDC-IDRI-0692
32.087500 993.025000 10.010620
LIDC-IDRI-0693
26.900000 345.550000 10.300897
LIDC-IDRI-0694
23.062500 319.225000 8.918101
LIDC-IDRI-0695
75.812500 1322.862500 17.378362
LIDC-IDRI-0696
150.000000 5166.212500 13.299114
LIDC-IDRI-0697
45.462500 612.325000 12.330943
LIDC-IDRI-0698
39.175000 581.637500 13.978404
LIDC-IDRI-0699
40.537500 608.337500 13.533742
LIDC-IDRI-0700
65.275000 1137.587500 15.518986
LIDC-IDRI-0701
23.125000 690.512500 10.437675
LIDC-IDRI-0702
25.875000 894.262500 9.592214
LIDC-IDRI-0703
41.800000 782.537500 13.120583
LIDC-IDRI-0704
44.150000 612.200000 14.381181
LIDC-IDRI-0705
71.612500 1629.075000 17.956033
LIDC-IDRI-0706
137.675000 4579.087500 16.540488
LIDC-IDRI-0708
82.537500 1864.075000 15.044154
LIDC-IDRI-0710
40.987500 1382.750000 12.813047
LIDC-IDRI-0711
158.525000 713.987500 14.900780
LIDC-IDRI-0712
27.100000 618.050000 9.279931
LIDC-IDRI-0713
142.400000 2962.187500 17.442717
LIDC-IDRI-0714
69.075000 1745.350000 14.734449
LIDC-IDRI-0715
6.875000 68.625000 5.194945
LIDC-IDRI-0716
39.575000 740.237500 12.271457
LIDC-IDRI-0717
64.087500 2559.600000 14.799834
LIDC-IDRI-0718
28.650000 160.512500 10.381800
LIDC-IDRI-0720
38.025000 1314.012500 9.837603
LIDC-IDRI-0721
24.275000 209.887500 10.369567
LIDC-IDRI-0722
25.900000 632.475000 10.924656
LIDC-IDRI-0726
36.175000 1741.162500 10.468965
LIDC-IDRI-0727
25.450000 822.812500 10.933623
LIDC-IDRI-0728
48.200000 666.725000 14.621919
LIDC-IDRI-0729
28.550000 323.000000 11.093610
LIDC-IDRI-0730
36.950000 1337.850000 10.773320
LIDC-IDRI-0731
80.250000 3490.862500 15.959625
LIDC-IDRI-0732
102.762500 3441.112500 14.788545
LIDC-IDRI-0733
77.350000 1752.775000 15.818428
LIDC-IDRI-0734
110.250000 2739.775000 18.519860
LIDC-IDRI-0735
76.475000 2422.962500 16.064694
LIDC-IDRI-0736
125.425000 2461.987500 19.319861
LIDC-IDRI-0738
49.412500 763.175000 12.413353
LIDC-IDRI-0739
36.125000 815.787500 10.658058
LIDC-IDRI-0740
38.900000 1795.650000 11.903481
LIDC-IDRI-0741
153.625000 2598.987500 17.867018
LIDC-IDRI-0742
8.000000 125.262500 5.724145
LIDC-IDRI-0743
50.662500 1491.287500 14.302277
LIDC-IDRI-0744
39.300000 566.450000 14.116804
LIDC-IDRI-0745
102.475000 3654.637500 15.420486
LIDC-IDRI-0746
90.012500 3148.612500 15.219504
LIDC-IDRI-0747
35.925000 565.737500 12.682000
LIDC-IDRI-0748
108.062500 1616.337500 17.788356
LIDC-IDRI-0749
151.562500 2957.737500 19.592744
LIDC-IDRI-0751
77.775000 2219.000000 13.830741
LIDC-IDRI-0752
27.687500 313.162500 12.216996
LIDC-IDRI-0753
46.825000 1184.825000 13.716832
LIDC-IDRI-0754
80.737500 1846.112500 15.450319
LIDC-IDRI-0755
22.287500 357.300000 9.446638
LIDC-IDRI-0756
49.012500 1523.750000 11.436953
LIDC-IDRI-0757
30.362500 852.837500 10.051924
LIDC-IDRI-0758
25.887500 578.737500 9.313088
LIDC-IDRI-0759
32.300000 523.437500 11.538795
LIDC-IDRI-0760
141.262500 2811.812500 20.060281
LIDC-IDRI-0761
50.362500 1579.087500 12.634394
LIDC-IDRI-0762
37.200000 413.400000 14.741953
LIDC-IDRI-0763
49.162500 1641.400000 11.860568
LIDC-IDRI-0764
72.087500 644.037500 18.159891
LIDC-IDRI-0765
56.412500 1089.725000 15.577577
LIDC-IDRI-0766
18.312500 223.575000 9.052338
LIDC-IDRI-0767
35.100000 1160.825000 10.289389
LIDC-IDRI-0768
26.187500 328.987500 10.336446
LIDC-IDRI-0769
56.537500 1032.950000 17.009052
LIDC-IDRI-0770
27.800000 176.262500 12.260022
LIDC-IDRI-0771
50.150000 1864.950000 12.372623
LIDC-IDRI-0772
43.275000 845.575000 12.267888
LIDC-IDRI-0774
25.000000 427.700000 10.931456
LIDC-IDRI-0775
3.925000 4.562500 3.731545
LIDC-IDRI-0776
53.312500 1386.837500 13.662909
LIDC-IDRI-0777
35.875000 580.150000 12.499133
LIDC-IDRI-0778
43.000000 1355.862500 11.665320
LIDC-IDRI-0779
46.775000 818.212500 13.797090
LIDC-IDRI-0780
108.775000 3888.275000 16.827750
LIDC-IDRI-0781
79.037500 4608.625000 13.450358
LIDC-IDRI-0782
36.612500 1417.762500 11.671269
LIDC-IDRI-0784
76.650000 2541.712500 15.286524
LIDC-IDRI-0785
58.550000 1330.575000 15.912790
LIDC-IDRI-0786
27.900000 257.262500 11.835275
LIDC-IDRI-0787
65.987500 1470.462500 16.616569
LIDC-IDRI-0788
57.350000 1603.375000 14.205782
LIDC-IDRI-0789
17.012500 723.375000 7.418549
LIDC-IDRI-0790
28.987500 305.737500 12.578533
LIDC-IDRI-0791
58.987500 1092.437500 14.105776
LIDC-IDRI-0792
11.425000 357.625000 7.351480
LIDC-IDRI-0794
43.525000 1447.787500 11.219304
LIDC-IDRI-0795
85.262500 2302.612500 15.141908
LIDC-IDRI-0796
17.037500 160.925000 7.052207
LIDC-IDRI-0797
39.437500 618.400000 12.533280
LIDC-IDRI-0799
34.175000 715.850000 12.681265
LIDC-IDRI-0800
37.912500 1007.412500 12.375020
LIDC-IDRI-0801
196.962500 6328.575000 17.007089
LIDC-IDRI-0802
42.312500 426.037500 13.551540
LIDC-IDRI-0803
33.437500 728.887500 9.744718
LIDC-IDRI-0804
42.900000 551.687500 13.150709
LIDC-IDRI-0805
51.900000 838.450000 14.269624
LIDC-IDRI-0806
169.912500 3370.175000 20.988644
LIDC-IDRI-0807
37.137500 1555.087500 10.507608
LIDC-IDRI-0808
34.537500 2533.550000 9.829182
LIDC-IDRI-0809
9.937500 218.462500 5.878339
LIDC-IDRI-0810
29.100000 709.700000 12.108969
LIDC-IDRI-0811
69.687500 2158.575000 14.131812
LIDC-IDRI-0812
252.625000 5406.537500 21.287551
LIDC-IDRI-0813
92.550000 3285.075000 14.633987
LIDC-IDRI-0814
84.637500 2372.437500 14.282528
LIDC-IDRI-0815
52.612500 522.800000 14.746883
LIDC-IDRI-0816
22.962500 411.350000 11.223542
LIDC-IDRI-0817
34.900000 586.450000 12.130321
LIDC-IDRI-0819
71.162500 1879.075000 14.441388
LIDC-IDRI-0820
36.737500 214.212500 15.148204
LIDC-IDRI-0821
90.812500 2598.125000 17.656755
LIDC-IDRI-0822
27.937500 746.912500 10.251579
LIDC-IDRI-0823
69.675000 774.500000 18.537670
LIDC-IDRI-0824
46.100000 1534.150000 12.650389
LIDC-IDRI-0825
39.337500 803.787500 11.372651
LIDC-IDRI-0826
20.825000 901.750000 7.780900
LIDC-IDRI-0827
75.325000 1971.387500 15.011150
LIDC-IDRI-0828
60.487500 392.662500 16.082081
LIDC-IDRI-0829
174.862500 1736.050000 18.133466
LIDC-IDRI-0830
58.087500 2049.512500 11.665206
LIDC-IDRI-0831
34.275000 1212.537500 9.905449
LIDC-IDRI-0832
15.850000 334.400000 7.372996
LIDC-IDRI-0833
165.900000 819.662500 13.496711
LIDC-IDRI-0834
15.600000 252.537500 8.621734
LIDC-IDRI-0835
172.537500 5478.637500 17.021178
LIDC-IDRI-0836
26.725000 975.787500 9.624203
LIDC-IDRI-0837
114.812500 3695.900000 16.734736
LIDC-IDRI-0838
218.237500 8382.200000 16.572639
LIDC-IDRI-0839
159.925000 2947.800000 18.419738
LIDC-IDRI-0840
67.487500 2258.000000 15.111922
LIDC-IDRI-0841
44.237500 658.287500 13.288198
LIDC-IDRI-0843
3.462500 32.675000 3.044479
LIDC-IDRI-0844
20.462500 607.762500 9.657582
LIDC-IDRI-0845
29.312500 1566.012500 8.642126
LIDC-IDRI-0846
28.512500 299.425000 10.804529
LIDC-IDRI-0847
46.387500 1052.275000 12.686401
LIDC-IDRI-0848
35.087500 540.587500 11.368229
LIDC-IDRI-0849
38.075000 1484.475000 13.544082
LIDC-IDRI-0850
30.487500 619.100000 11.921849
LIDC-IDRI-0851
56.575000 952.800000 15.291665
LIDC-IDRI-0852
125.275000 3422.625000 16.295903
LIDC-IDRI-0853
37.537500 804.137500 12.235820
LIDC-IDRI-0854
135.487500 1185.025000 20.675365
LIDC-IDRI-0855
54.575000 652.925000 13.882884
LIDC-IDRI-0856
67.812500 1476.887500 16.680237
LIDC-IDRI-0857
163.700000 4798.375000 16.025417
LIDC-IDRI-0858
181.975000 3578.237500 17.094903
LIDC-IDRI-0859
57.887500 2880.050000 12.201424
LIDC-IDRI-0860
119.037500 2410.150000 18.490321
LIDC-IDRI-0861
111.325000 3098.962500 16.060095
LIDC-IDRI-0862
62.237500 1080.687500 15.643512
LIDC-IDRI-0863
16.525000 1081.125000 5.953603
LIDC-IDRI-0864
47.812500 1175.262500 14.133955
LIDC-IDRI-0865
19.900000 357.012500 8.128800
LIDC-IDRI-0866
9.600000 69.600000 6.943223
LIDC-IDRI-0867
55.937500 1780.825000 13.045539
LIDC-IDRI-0868
29.550000 305.300000 10.480188
LIDC-IDRI-0869
5.887500 202.825000 3.855570
LIDC-IDRI-0871
64.800000 1652.262500 16.589200
LIDC-IDRI-0873
113.287500 2581.937500 18.860865
LIDC-IDRI-0874
54.225000 721.975000 16.090348
LIDC-IDRI-0875
22.700000 140.237500 11.161699
LIDC-IDRI-0876
99.375000 1152.287500 23.107704
LIDC-IDRI-0877
36.175000 427.687500 13.795341
LIDC-IDRI-0878
9.300000 226.137500 5.524825
LIDC-IDRI-0879
38.025000 1415.325000 11.910945
LIDC-IDRI-0880
22.550000 459.925000 10.070036
LIDC-IDRI-0881
24.137500 307.587500 9.071660
LIDC-IDRI-0882
77.287500 2284.675000 13.278959
LIDC-IDRI-0883
141.137500 5402.575000 12.436296
LIDC-IDRI-0884
34.262500 561.162500 12.557674
LIDC-IDRI-0885
56.625000 859.912500 16.274808
LIDC-IDRI-0886
80.512500 1470.762500 15.517143
LIDC-IDRI-0887
69.862500 1551.425000 14.975041
LIDC-IDRI-0888
65.675000 1270.562500 14.644936
LIDC-IDRI-0889
69.387500 2026.037500 16.662109
LIDC-IDRI-0890
26.437500 674.750000 9.473054
LIDC-IDRI-0891
28.862500 486.337500 10.852827
LIDC-IDRI-0893
16.875000 503.450000 6.940746
LIDC-IDRI-0894
22.825000 996.587500 9.302532
LIDC-IDRI-0895
31.812500 1665.762500 11.050625
LIDC-IDRI-0896
149.625000 4677.037500 15.265807
LIDC-IDRI-0897
97.612500 1897.475000 18.295932
LIDC-IDRI-0898
96.775000 1591.350000 17.082051
LIDC-IDRI-0899
32.812500 956.625000 9.904733
LIDC-IDRI-0900
104.925000 4315.250000 16.673751
LIDC-IDRI-0902
59.112500 2174.962500 13.726648
LIDC-IDRI-0903
152.512500 3815.450000 15.895599
LIDC-IDRI-0905
121.262500 2672.400000 18.901649
LIDC-IDRI-0906
77.562500 3304.687500 13.432788
LIDC-IDRI-0907
148.625000 1052.287500 15.525012
LIDC-IDRI-0908
42.525000 1110.325000 13.640312
LIDC-IDRI-0909
34.675000 835.187500 12.365263
LIDC-IDRI-0911
245.700000 2236.187500 21.122533
LIDC-IDRI-0912
12.437500 87.275000 8.123025
LIDC-IDRI-0913
67.575000 3316.825000 12.712403
LIDC-IDRI-0914
25.087500 1086.200000 9.762402
LIDC-IDRI-0915
52.362500 766.425000 16.345839
LIDC-IDRI-0916
47.625000 1128.900000 12.738558
LIDC-IDRI-0917
29.150000 524.450000 10.218439
LIDC-IDRI-0918
16.537500 147.150000 8.907294
LIDC-IDRI-0919
49.475000 1160.862500 15.790143
LIDC-IDRI-0920
43.762500 1347.312500 12.980013
LIDC-IDRI-0921
37.600000 246.325000 13.364037
LIDC-IDRI-0922
137.650000 4117.225000 16.643723
LIDC-IDRI-0923
60.325000 1555.212500 14.976993
LIDC-IDRI-0924
77.625000 1196.612500 17.456514
LIDC-IDRI-0925
26.175000 967.137500 9.839258
LIDC-IDRI-0927
75.175000 1556.550000 13.674466
LIDC-IDRI-0928
25.987500 896.587500 9.701982
LIDC-IDRI-0929
34.637500 802.287500 12.767149
LIDC-IDRI-0930
21.537500 335.112500 10.277688
LIDC-IDRI-0931
76.137500 1013.162500 16.596982
LIDC-IDRI-0932
19.362500 397.262500 9.569865
LIDC-IDRI-0933
52.312500 1462.237500 14.282114
LIDC-IDRI-0934
20.412500 232.112500 9.362155
LIDC-IDRI-0935
122.512500 2596.587500 19.488238
LIDC-IDRI-0936
25.475000 393.875000 10.461001
LIDC-IDRI-0937
85.762500 1549.700000 15.220456
LIDC-IDRI-0939
49.462500 1296.700000 13.709825
LIDC-IDRI-0940
76.562500 2462.375000 16.256697
LIDC-IDRI-0941
79.112500 2503.650000 15.999370
LIDC-IDRI-0942
7.775000 148.037500 4.874512
LIDC-IDRI-0943
21.587500 266.162500 10.145060
LIDC-IDRI-0944
127.700000 3382.762500 17.665961
LIDC-IDRI-0946
116.987500 2410.900000 17.394163
LIDC-IDRI-0947
34.887500 977.300000 12.578595
LIDC-IDRI-0948
50.987500 1588.787500 12.998478
LIDC-IDRI-0950
23.937500 178.387500 9.923862
LIDC-IDRI-0951
23.175000 308.237500 11.804130
LIDC-IDRI-0952
74.300000 1898.162500 14.854243
LIDC-IDRI-0953
88.775000 2588.137500 17.240752
LIDC-IDRI-0954
31.862500 176.587500 12.824101
LIDC-IDRI-0955
78.800000 2673.000000 15.114438
LIDC-IDRI-0956
52.225000 884.337500 13.953088
LIDC-IDRI-0957
86.700000 1283.412500 16.990504
LIDC-IDRI-0958
44.337500 1772.387500 11.369068
LIDC-IDRI-0959
35.437500 494.312500 12.388080
LIDC-IDRI-0960
76.787500 1687.350000 15.762565
LIDC-IDRI-0962
223.787500 3821.112500 20.444671
LIDC-IDRI-0963
81.337500 2777.912500 16.608643
LIDC-IDRI-0964
22.100000 332.300000 9.422743
LIDC-IDRI-0965
13.762500 603.000000 5.772752
LIDC-IDRI-0966
8.412500 147.875000 4.565870
LIDC-IDRI-0968
8.737500 257.500000 5.620469
LIDC-IDRI-0969
39.312500 932.712500 11.449680
LIDC-IDRI-0970
72.075000 1747.012500 15.378336
LIDC-IDRI-0971
52.100000 1199.487500 11.843110
LIDC-IDRI-0973
48.800000 619.625000 13.321287
LIDC-IDRI-0974
27.675000 300.387500 9.839096
LIDC-IDRI-0975
70.525000 1004.925000 15.916804
LIDC-IDRI-0976
129.300000 1758.575000 20.329091
LIDC-IDRI-0977
60.987500 1012.500000 15.923508
LIDC-IDRI-0978
27.225000 1041.512500 8.650721
LIDC-IDRI-0979
131.250000 3793.837500 18.097138
LIDC-IDRI-0981
42.087500 1134.287500 12.741142
LIDC-IDRI-0982
106.400000 2503.912500 17.881299
LIDC-IDRI-0984
59.562500 1149.025000 16.115629
LIDC-IDRI-0985
76.525000 1456.300000 18.563454
LIDC-IDRI-0986
16.762500 95.725000 8.832350
LIDC-IDRI-0987
84.037500 2006.150000 16.719557
LIDC-IDRI-0988
10.425000 138.387500 6.813406
LIDC-IDRI-0989
10.037500 294.112500 5.618851
LIDC-IDRI-0990
117.512500 2531.662500 18.341054
LIDC-IDRI-0991
36.400000 306.462500 16.103944
LIDC-IDRI-0992
80.575000 1431.337500 14.343315
LIDC-IDRI-0994
43.025000 1489.450000 11.784620
LIDC-IDRI-0995
36.462500 846.337500 9.742812
LIDC-IDRI-0996
47.162500 778.987500 14.463904
LIDC-IDRI-0997
65.725000 2514.537500 15.020696
LIDC-IDRI-0998
135.487500 3202.012500 17.163896
LIDC-IDRI-0999
20.112500 374.212500 10.080436
LIDC-IDRI-1001
28.537500 1135.525000 9.504181
LIDC-IDRI-1002
96.900000 1920.000000 18.797179
LIDC-IDRI-1003
102.750000 3573.775000 16.748415
LIDC-IDRI-1004
56.287500 1671.087500 14.546400
LIDC-IDRI-1005
31.137500 935.075000 11.647388
LIDC-IDRI-1007
73.500000 1313.825000 15.624752
LIDC-IDRI-1009
9.162500 68.162500 5.609693
LIDC-IDRI-1010
41.062500 1197.000000 11.915022
LIDC-IDRI-1011
43.487500 369.787500 13.332518
LIDC-IDRI-1012
40.187500 864.237500 11.895050
